437|6|1000000|44|1
130|6|1000000|33|5|30|5|32|5|34|5|42|1
172|6|1000000|38|5|35|5|37|5|39|5|42|1
268|6|1000000|31|10|36|10|40|5|42|1
323|6|1000000|38|10|35|10|37|10|39|10|42|1
426|6|1000000|34|5|32|5|33|5|42|1|40|10
37|6|200000|30|2|31|3|34|3|37|1|38|1
38|6|200000|33|2|30|1|31|3|34|2|37|2
41|6|200000|33|3|30|2|34|3|36|1|37|1
46|6|200000|30|3|32|2|34|3|38|1|36|1
47|6|200000|33|2|30|3|32|2|34|1|36|2
48|6|200000|33|3|30|2|32|2|34|1|36|2
49|6|200000|33|3|31|3|32|2|38|1|35|1
50|6|200000|30|1|31|2|32|2|34|3|38|2
51|6|200000|30|1|31|3|32|2|34|2|38|2
52|6|200000|30|3|31|2|32|2|34|1|38|2
55|6|200000|33|3|30|2|32|2|34|1|36|2
56|6|200000|30|1|31|2|32|3|34|2|38|2
58|6|200000|33|3|30|2|32|2|34|1|36|2
145|6|200000|33|1|31|2|32|3|34|2|35|2
146|6|200000|33|3|30|1|31|2|32|2|39|2
147|6|200000|33|3|31|2|32|2|34|1|35|2
148|6|200000|33|3|30|2|31|2|32|1|39|2
149|6|200000|30|2|31|3|32|1|34|2|38|2
197|6|200000|33|3|30|2|31|2|34|1|37|2
198|6|200000|30|2|31|1|32|2|34|3|38|2
308|6|200000|33|1|31|2|32|3|34|2|35|2
325|6|200000|33|2|31|2|32|1|34|3|35|2
376|6|200000|33|2|30|3|31|1|34|2|37|2
495|6|1000000|43|1|33|1|31|3|32|2|36|2
523|6|200000|30|3|31|2|32|2|34|1|38|2
32|6|500000|35|2|36|4|37|1|39|1|40|1
61|6|500000|38|1|35|2|36|4|39|1|40|1
35|6|500000|38|2|35|2|36|2|37|2|40|1
33|6|500000|38|4|35|1|36|2|37|1|40|1
39|6|500000|38|1|36|4|37|1|39|2|40|1
36|6|500000|38|4|36|1|37|2|39|1|40|1
40|6|500000|38|1|36|4|37|1|39|2|40|1
31|6|500000|38|4|35|1|36|1|39|2|42|1
30|6|500000|38|4|35|2|37|1|39|1|40|1
150|6|500000|35|1|36|2|37|1|39|4|40|1
151|6|500000|38|1|35|4|36|1|37|2|40|1
152|6|500000|35|2|36|2|37|2|39|2|42|1
153|6|500000|38|2|36|1|37|1|39|4|40|1
199|6|500000|38|1|35|2|37|4|39|1|40|1
307|6|500000|38|1|35|4|36|2|37|1|40|1
377|6|500000|35|1|36|1|37|4|39|2|40|1
522|6|500000|160|2|40|3
129|6|500000|44|1|161|3
314|6|500000|33|3|30|3|34|3|43|1|160|1
332|6|500000|164|1|31|3|34|3|37|3|40|3
589|6|500000|164|1|44|1|161|2
144|6|500000|30|1|40|5
237|6|500000|31|1|40|5
238|6|500000|34|1|40|5
239|6|500000|32|1|40|5
443|6|500000|43|1|30|10
444|6|500000|43|1|33|10
445|6|500000|43|1|31|10
446|6|500000|43|1|34|10
447|6|500000|43|1|32|10
42|6|1000000|35|4|36|8|37|3|39|6|40|4
302|6|1000000|36|1|39|5|161|1
43|6|1000000|35|4|36|7|37|7|39|3|40|4
44|6|1000000|38|5|35|7|36|5|39|7|40|3
57|6|1000000|38|4|35|5|37|4|39|4|40|3
59|6|1000000|38|6|36|3|37|6|39|4|40|4
143|6|1000000|38|6|35|6|36|3|37|3|40|3
310|6|1000000|38|1|37|5|161|1
427|6|1000000|33|3|30|3|31|3|41|1|43|1
519|6|1000000|43|10|42|1|44|1